-39 
21 
26 
47 
-23
-17 
7 
-29 
40 
29 
-37 
-44 
38 
-4 
37 
-15 
-30 
-26 
13 
4 
49 
23 
35 
-40 
-36 
-46 
-31 
32 
-24 
-3 
-31 
12 
3 
-15 
-31 
-36 
26 
7 
13 
-6 
25 
29 
-46 
13 
30 
-9 
-1 
38 
-38 
-22 
-33 
17 
6 
37 
34 
30 
-25 
-42 
49 
24 
-26 
22 
12 
-33 
30 
45 
-50 
44 
34 
32 
44 
-16 
28 
30 
40 
-28 
-39 
50 
32 
-13 
24 
47 
9 
-23 
48 
28 
12 
-46 
9 
42 
18 
-33 
-27 
-40 
-25 
28 
16 
23 
37 
-45  



